103000396
103300013
107006437
107006438
109002768
109002769
109980156
110000486
122251012
123000108
123000256
123000395
123000924
123001026
123001124
123001211
123002198
124000283
124000446
124000770
125000282
125000569
125003159
126000139
126000289
126000321
126000663
126000805
126001402
126001564
126003024
126003392
140000721
140000785
140000924
140001202
140001318
140001490
140001503
140001671
140001784
140001887
140002103
140002123
140002171
140002350
140002503
140002526
140003257
140003292
140003552
140003916
140004244
140004290
140004336
140004358
140004415
140004596
140004680
140004881
140004890
140005384
140970284
140971625
140971626
140972935
141000647
141000691
141000820
141001078
142000115
142000125
142000397
142000473
142900014
144000075
144000170
144002971
144003774
144005467
144200050
145001038
145001603
145001604
145001605
145001606
145002679
145002854
145002925
145003926
145003952
145004349
145004740
145007483
145007628
145007843
145008638
145008681
145011921
145012795
145013184
145013602
145014285
145017434
145026076
145026937
150000271
152003014
152010116
152040225
152060198
154000077
154000079
154000081
154000276
155005181
155006210
155006536
160000803
160100094
162000243
162001040
164000324
164000383
165000028
165000097
165000333
165000473
165000840
165000916
165000917
165000918
165000919
167000584
167001247
167001289
167003679
174000716
174000803
174000809
174100094
177000341
177001733
177002855
180002182
267001247
267001251
340005266
340008477
607515123